7642424276
7642424276
7642424276
7642424276
7642424276
7642424276
7642424276
7642424276
7642424276
7642424276
7642424276
7642424276
7642424276
7642424276
7642424276
7642424276
7642424276
7642424276
7642424276
7642424276
7642424276
7642424276
7642424276
7642424276
7642424276
7642424276
7642424276
7642424276
7642424276
7642424276
7642424276
7642424276
0000000000
1010100010
2424000000
2476247624
3450341234
6244102246
3424102432
1010000000
0410101004
2010101020
2410240000
0010341000
0000001020
0000340000
0000000010
0404102020
3446526234
1030101034
7402344076
7402340274
2444760404
7640740274
3440744234
7602041010
3442344234
3442360234
0010001000
0010001020
0006300600
0036003600
0030063000
3004100010
3452564034
3442764242
7442744274
3640404036
7442424274
7640744076
7640744040
3640564236
4242764242
7610101076
3602024234
4244704442
4040404076
4266524242
4262524642
3442424234
7442744040
3442424432
7442744242
3640340274
7610101010
4242424234
4242422410
4242526642
4224102442
4224101010
7604102076
1410101014
2020100404
3010101030
1024000000
0000000076
2010000000
0034424632
4074424274
0036404036
0236424236
0034764034
1620742020
0036760236
4040744242
1000101010
1000105030
4044506442
1010101014
0064525252
0074424242
0076424276
0074427640
0036427602
0056604040
0036600674
2074202016
0042424236
0042422410
0042525224
0042344242
0042760236
0076066076
1410201014
1010101010
3010041030
6454000000
7642424276
